   92
Thecc1EG011365t1  0.000000  0.337559  0.419220  1.193932  1.207269  1.083343  1.131175  0.860971  0.957954  0.888324  0.893130  0.900269  1.278439  0.903178  1.017951  1.034379  0.997655  0.967283  0.980753  0.983564  0.970586  0.981114  1.104090  1.022238  0.841959  1.021692  1.094172  1.211593  0.953374  0.970352  1.014127  0.937220  0.892452  0.995766  1.020647  1.221397  1.320702  1.392219  1.247981  1.525356  1.193004  1.175495  1.130960  1.048748  1.084115  1.044486  1.453588  1.037656  1.078013  1.051689  1.128175  1.064086  1.087211  1.043001  1.147136  1.188618  1.148241  1.115589  1.115589  0.733605  1.136761  1.223175  0.898001  1.405076  1.405076  1.321555  1.405786  1.345760  1.182701  1.214267  1.309876  1.265050  1.235437  1.308639  1.302578  1.285605  1.264687  1.308009  1.298350  1.585935  1.426569  1.732964  1.211293  1.617149  0.772362  1.049829  1.853674  1.839353  2.033392  1.715002  1.422262  2.030847
Thecc1EG011369t1  0.337559  0.000000  0.120791  1.237131  1.218872  1.131743  1.193178  0.875528  0.946459  0.923355  0.913431  0.934780  1.565470  0.921969  1.005982  1.013085  1.013637  0.989347  1.014092  0.992474  0.989592  1.024038  1.094439  1.004306  0.873217  0.998884  1.119056  1.193044  0.982072  0.979371  1.003843  0.864144  0.840453  1.030919  1.056400  1.239065  1.440431  1.436089  1.309738  1.558093  1.300271  1.243834  1.214738  1.176269  1.147412  1.106628  1.578013  1.138892  1.112086  1.134736  1.133785  1.012808  1.028677  1.017486  1.148392  1.252387  1.168646  1.178246  1.178246  0.856839  1.244491  1.325027  0.926925  1.506797  1.506797  1.306579  1.370881  1.536014  1.152901  1.196216  1.270821  1.244473  1.235464  1.311479  1.328819  1.305663  1.278372  1.345521  1.257925  1.700131  1.634182  1.726522  1.153321  1.779472  0.804155  1.142140  1.896129  1.894807  2.087182  1.822554  1.427461  1.895799
Thecc1EG011371t1  0.419220  0.120791  0.000000  1.170223  1.160658  1.088782  1.100669  0.884216  0.961805  0.935295  0.912741  0.938547  1.574565  0.940462  1.018914  1.025678  1.048220  0.982225  0.981066  0.984617  0.949152  0.980081  1.086238  0.991994  1.016985  0.969996  1.042079  1.132465  0.954634  0.943922  0.964995  0.922705  0.874546  0.824993  0.853426  1.269994  1.491336  1.466767  1.323846  1.469187  1.376859  1.316606  1.234238  1.244209  1.144221  1.206858  1.672640  1.246817  1.224952  1.225257  1.178901  1.073589  1.090371  1.089018  1.184010  1.253825  1.239233  1.329707  1.329707  0.911179  1.290336  1.353173  1.145513  1.619031  1.619031  1.305464  1.341884  1.558585  1.259973  1.392334  1.446329  1.444554  1.401494  1.450857  1.420314  1.435998  1.359876  1.416370  1.314172  2.094912  1.735772  2.191531  1.443083  2.764505  1.230054  1.185764  1.802786  1.869869  1.987257  1.727834  1.491298  1.874555
Thecc1EG020002t1  1.193932  1.237131  1.170223  0.000000  0.275574  0.266580  0.315439  1.064964  1.230469  1.124993  1.071508  1.065410  1.386916  1.138935  1.088395  1.131876  1.125683  0.986056  0.906639  0.995626  0.953638  0.974779  0.975523  1.024253  0.778079  1.200804  1.193721  1.279204  1.125535  1.126253  1.192138  1.082469  1.089800  1.132566  1.153896  1.779628  1.678226  1.581857  1.462621  1.688190  1.467399  1.540699  1.496604  1.469688  1.442394  1.287543  1.831823  1.354366  1.345561  1.393101  1.484894  1.348108  1.349768  1.339760  1.465450  1.390826  1.349766  1.370479  1.370479  1.207723  1.417440  1.506391  1.177591  1.684967  1.684967  1.488410  1.640205  1.500492  1.366147  1.419438  1.632470  1.571606  1.641237  1.757856  1.515457  1.616794  1.597613  1.633827  1.640708  1.752003  1.865593  1.588608  1.515265  1.883638  1.713642  1.261964  1.689858  1.628179  1.789423  1.833888  1.288564  2.333338
Cc02_g23640  1.207269  1.218872  1.160658  0.275574  0.000000  0.268876  0.238098  0.974190  1.136475  1.032554  0.998381  0.979599  1.230310  1.047176  1.061932  1.070021  1.041295  0.991850  0.911204  0.976168  0.950838  0.944230  0.983327  1.007047  0.733657  1.073588  1.189735  1.245746  1.064985  1.117829  1.147685  1.113281  1.052530  1.133693  1.164850  1.627719  1.633951  1.587354  1.450945  1.784403  1.538069  1.581512  1.466263  1.496975  1.415700  1.322352  1.869970  1.386084  1.363592  1.364767  1.433208  1.287289  1.289567  1.371937  1.521306  1.349609  1.347232  1.402293  1.402293  1.261450  1.355557  1.471270  1.116254  1.692734  1.692734  1.479188  1.605382  1.568701  1.362328  1.493300  1.674980  1.592435  1.631963  1.809781  1.583056  1.559451  1.556752  1.678916  1.581892  1.712667  1.629816  1.618778  1.511974  1.957594  1.862711  1.260035  1.696905  1.667217  1.816380  1.815931  1.318574  2.243266
tom|Solyc03g053130.2.1  1.083343  1.131743  1.088782  0.266580  0.268876  0.000000  0.307903  1.025177  1.192093  1.075973  1.047289  1.006414  1.342922  1.062796  1.039269  1.101261  1.111720  0.943022  0.881147  0.958405  0.927054  0.927848  0.970236  0.956174  0.708536  1.069917  1.241529  1.281561  1.062896  1.073400  1.127941  1.028440  1.045792  1.140162  1.192237  1.675329  1.621080  1.484947  1.409733  1.646300  1.500960  1.575600  1.477581  1.478622  1.439692  1.292053  1.844141  1.390499  1.347424  1.380984  1.371546  1.263163  1.277303  1.274148  1.444857  1.350323  1.326555  1.347362  1.347362  1.226786  1.424501  1.535655  1.157532  1.696713  1.696713  1.527621  1.687290  1.588722  1.384855  1.451996  1.644256  1.622216  1.664817  1.747182  1.575518  1.567913  1.584162  1.638660  1.624326  1.728218  1.517713  1.612377  1.457471  1.807414  1.923179  1.122141  1.663593  1.644425  1.824738  1.765293  1.241621  2.296695
rsa_locus_12498_iso_1_len_1521_ver_2  1.131175  1.193178  1.100669  0.315439  0.238098  0.307903  0.000000  0.973916  1.140809  1.086919  1.035647  1.017063  1.283219  1.045047  1.077841  1.067953  1.101933  0.966526  0.872666  0.956349  0.907744  0.914398  0.932781  0.944448  0.709497  1.057305  1.141753  1.166140  1.090675  1.103719  1.097010  1.014967  1.023933  1.064017  1.100928  1.666570  1.663886  1.649098  1.507198  1.820024  1.469308  1.521671  1.448617  1.401778  1.412979  1.303881  1.824139  1.406709  1.361052  1.367846  1.432132  1.337553  1.324608  1.370569  1.491243  1.342067  1.330296  1.434416  1.434416  1.222387  1.413414  1.443205  1.148713  1.675459  1.675459  1.443850  1.585791  1.551665  1.251917  1.480658  1.685436  1.596893  1.633665  1.780191  1.644854  1.631227  1.617304  1.745912  1.651867  1.765876  1.629087  1.552536  1.498119  1.985778  2.023906  1.122819  1.680449  1.657186  1.791734  1.725485  1.196336  2.252985
Thecc1EG024350t1  0.860971  0.875528  0.884216  1.064964  0.974190  1.025177  0.973916  0.000000  0.000000  0.390124  0.402838  0.421332  0.510085  0.418295  0.531244  0.540801  0.550037  0.724350  0.718930  0.683398  0.680864  0.700236  0.840525  0.768403  0.648536  0.852792  0.944940  0.947180  0.761409  0.858360  0.896857  0.905783  0.820000  0.933777  0.949740  1.228075  1.368300  1.348917  1.224175  1.450174  1.272587  1.212156  1.145591  1.155194  1.115691  1.049663  1.534927  1.143370  1.110709  1.076312  1.135038  1.128974  1.086357  1.059192  1.112464  1.158057  1.250430  1.110863  1.110863  0.988399  1.185241  1.173123  0.955674  1.276932  1.276932  1.273232  1.323165  1.254916  1.288161  1.335077  1.390023  1.361795  1.333080  1.402774  1.328418  1.266445  1.283134  1.366659  1.172052  1.369510  1.639061  1.355795  0.785789  1.364306  1.538867  0.993738  1.740660  1.714343  1.812450  1.709715  1.307389  2.005536
Thecc1EG024350t2  0.957954  0.946459  0.961805  1.230469  1.136475  1.192093  1.140809  0.000000  0.000000  0.418289  0.426202  0.455588  0.510085  0.475534  0.583623  0.628172  0.635316  0.849405  0.871773  0.818120  0.820297  0.842284  0.980261  0.953307  0.956659  0.924265  1.053605  1.045807  0.796017  0.912813  1.001708  0.992846  0.880219  1.236329  1.253695  1.254118  1.451282  1.338520  1.364820  1.464289  1.315541  1.187094  1.159193  1.198095  1.148194  1.077833  1.891334  1.226328  1.120188  1.157470  1.184876  1.241145  1.214039  1.100507  1.227893  1.170338  1.284025  1.103151  1.103151  1.080261  1.383094  1.319867  1.111407  1.331450  1.331450  1.384058  1.428398  1.254916  1.455793  1.392002  1.459919  1.385544  1.369100  1.382107  1.301367  1.254940  1.283914  1.322645  1.053270  1.174248  1.999107  1.355795  0.785789  1.364306  1.538867  3.323960  1.703244  1.699928  1.745062  1.794676  1.346323  2.005536
Cc06_g18930  0.888324  0.923355  0.935295  1.124993  1.032554  1.075973  1.086919  0.390124  0.418289  0.000000  0.257500  0.235029  0.372261  0.313308  0.430140  0.527865  0.484624  0.741754  0.760235  0.712964  0.710162  0.694009  0.826008  0.859706  0.696984  0.924436  1.046139  1.047609  0.865292  0.867368  0.880463  0.985611  0.896146  0.930588  0.961968  1.292375  1.462612  1.359585  1.265330  1.494247  1.330469  1.288128  1.166873  1.218310  1.213315  1.113021  1.614869  1.146084  1.193949  1.112246  1.122748  1.092889  1.097504  1.078295  1.138645  1.184831  1.272799  1.158514  1.158514  1.059212  1.311127  1.209850  0.992565  1.344525  1.344525  1.293762  1.349721  1.258799  1.317953  1.372064  1.406288  1.396260  1.292014  1.496311  1.356298  1.288151  1.301647  1.435602  1.270385  1.423641  1.466514  1.039963  0.547349  1.235326  1.552135  1.139315  1.637562  1.607894  1.773264  1.688029  1.289708  2.123742
rsa_locus_16766_iso_2_len_2021_ver_2  0.893130  0.913431  0.912741  1.071508  0.998381  1.047289  1.035647  0.402838  0.426202  0.257500  0.000000  0.152814  0.392041  0.335322  0.467443  0.528181  0.500490  0.708987  0.718568  0.713815  0.686926  0.681380  0.824454  0.870043  0.712494  0.853322  0.948181  0.942768  0.754838  0.828844  0.806213  0.927479  0.867891  0.866681  0.905205  1.265384  1.392516  1.312639  1.262455  1.449365  1.305461  1.269355  1.127983  1.158852  1.151892  1.044089  1.622326  1.068558  1.164962  1.107974  1.101532  1.071355  1.057989  1.029473  1.129798  1.174772  1.245343  1.132663  1.132663  0.941411  1.287279  1.146112  1.014585  1.254064  1.254064  1.249462  1.325340  1.160237  1.310173  1.349429  1.430744  1.424039  1.312734  1.418505  1.319071  1.267634  1.246982  1.362440  1.257440  1.429328  1.523658  0.976001  0.291600  0.844167  1.588814  1.076518  1.678630  1.713367  1.788377  1.596285  1.209321  1.911822
rha|maker-superscaffold7-snap-gene-38.21-mRNA-1  0.900269  0.934780  0.938547  1.065410  0.979599  1.006414  1.017063  0.421332  0.455588  0.235029  0.152814  0.000000  0.333843  0.308908  0.429638  0.530424  0.491304  0.707249  0.730166  0.711235  0.678461  0.693341  0.826522  0.873547  0.673773  0.892867  0.958796  0.954832  0.779216  0.816113  0.829474  0.898228  0.915637  0.885719  0.923528  1.231877  1.343818  1.377303  1.297776  1.494019  1.319117  1.283499  1.139512  1.215896  1.133400  1.092455  1.539343  1.061174  1.192328  1.136511  1.095494  1.090014  1.076855  1.033802  1.137458  1.146713  1.196299  1.146228  1.146228  0.961081  1.354899  1.172328  1.008438  1.311181  1.311181  1.230905  1.296880  1.199383  1.266964  1.299046  1.410534  1.436289  1.356049  1.536357  1.373643  1.319386  1.312542  1.424027  1.296296  1.426968  1.466620  0.898155  0.307689  0.941637  1.565238  1.045459  1.677010  1.701016  1.757702  1.625678  1.215539  2.118277
cra_locus_78748_iso_1_len_307_ver_3  1.278439  1.565470  1.574565  1.386916  1.230310  1.342922  1.283219  0.510085  0.510085  0.372261  0.392041  0.333843  0.000000  0.145866  0.356004  0.572463  0.470619  0.934315  0.996634  1.042660  0.994735  0.969118  1.109828  1.133331  0.000000  0.994375  1.160878  1.097392  0.828104  0.883968  1.135409  1.346213  1.114742  0.000000  0.000000  2.129941  2.378746  1.949214  1.978880  1.924149  1.623071  1.907766  1.717791  1.853038  1.717351  1.696995  2.113995  0.819269  1.787623  1.450110  1.603614  1.488524  1.660475  1.096907  1.871655  1.605513  1.520321  1.608133  1.608133  0.000000  2.000168  2.268406  0.000000  2.191083  2.191083  1.633365  1.633365  1.600181  0.000000  1.637510  2.124299  2.362511  2.095496  2.498575  1.982239  1.811328  1.767770  1.733728  1.507871  1.702430  0.000000  0.000000  0.000000  0.000000  2.343448  0.000000  1.690852  1.910740  1.726146  2.011183  1.103866  1.530344
tom|Solyc10g079610.1.1  0.903178  0.921969  0.940462  1.138935  1.047176  1.062796  1.045047  0.418295  0.475534  0.313308  0.335322  0.308908  0.145866  0.000000  0.391212  0.485790  0.449393  0.706210  0.687769  0.687617  0.679866  0.677378  0.807220  0.836531  0.596530  0.843535  0.962202  0.972701  0.783474  0.828673  0.851046  0.968068  0.909710  0.910697  0.941734  1.269753  1.373898  1.351343  1.261366  1.459766  1.300768  1.211401  1.123818  1.148637  1.148744  1.100833  1.569192  1.160527  1.209945  1.175419  1.123693  1.061014  1.046542  1.067507  1.112422  1.185746  1.234972  1.133214  1.133214  0.938373  1.222372  1.204137  0.921866  1.308478  1.308478  1.245825  1.311809  1.254489  1.219966  1.351844  1.418131  1.455633  1.312268  1.464948  1.360398  1.320037  1.308740  1.371031  1.265611  1.391193  1.485916  1.060310  0.505489  1.201041  1.510933  1.045362  1.677249  1.751252  1.827126  1.668855  1.250651  2.066562
tom|Solyc04g040090.2.1  1.017951  1.005982  1.018914  1.088395  1.061932  1.039269  1.077841  0.531244  0.583623  0.430140  0.467443  0.429638  0.356004  0.391212  0.000000  0.452771  0.436306  0.789905  0.798385  0.808009  0.794809  0.802785  0.843169  0.880850  0.748077  0.877495  0.967188  0.988644  0.844020  0.932219  0.909770  0.991023  0.897597  0.833280  0.889070  1.368620  1.484911  1.426012  1.286400  1.586134  1.366158  1.311683  1.204735  1.293582  1.244367  1.111172  1.625523  1.228911  1.228082  1.173597  1.129436  1.102817  1.030217  0.993202  1.236922  1.249508  1.255568  1.153602  1.153602  1.094089  1.257803  1.279228  1.027679  1.371792  1.371792  1.267103  1.397230  1.216377  1.386173  1.363933  1.529590  1.488299  1.339473  1.482419  1.429021  1.366219  1.419643  1.434535  1.286521  1.327870  1.342650  1.104061  0.687346  1.235258  1.794472  1.121704  1.733977  1.801455  1.893015  1.767037  1.332043  2.282836
tom|Solyc07g055740.1.1  1.034379  1.013085  1.025678  1.131876  1.070021  1.101261  1.067953  0.540801  0.628172  0.527865  0.528181  0.530424  0.572463  0.485790  0.452771  0.000000  0.306603  0.804359  0.817809  0.778217  0.799244  0.820418  0.908061  0.867111  0.660909  0.915173  0.999383  1.043511  0.879064  0.943726  0.877321  1.011497  0.906457  0.971594  0.986432  1.373530  1.424639  1.397658  1.282984  1.507371  1.344594  1.221290  1.137774  1.131346  1.124335  1.163166  1.585037  1.303079  1.202064  1.196990  1.146150  1.077853  1.076348  1.040137  1.166589  1.174352  1.267492  1.086739  1.086739  1.004221  1.248192  1.169618  0.990805  1.376700  1.376700  1.219607  1.347410  1.259146  1.318081  1.443335  1.498508  1.365041  1.436217  1.412261  1.460568  1.410475  1.442350  1.554863  1.187027  1.347631  1.559528  1.327690  0.891091  1.482732  1.657501  1.053606  1.742984  1.729186  1.792280  1.688340  1.282275  1.805272
tom|Solyc07g055750.2.1  0.997655  1.013637  1.048220  1.125683  1.041295  1.111720  1.101933  0.550037  0.635316  0.484624  0.500490  0.491304  0.470619  0.449393  0.436306  0.306603  0.000000  0.812655  0.771896  0.771884  0.752328  0.750725  0.876432  0.852625  0.611697  1.006405  1.112713  1.132590  0.913758  0.988427  1.014423  1.105707  0.929707  0.903696  0.890813  1.351195  1.427871  1.533173  1.339399  1.633146  1.366390  1.311381  1.177099  1.227309  1.198044  1.201428  1.637060  1.211265  1.203813  1.198863  1.233873  1.170184  1.132996  1.163790  1.179759  1.257652  1.333374  1.207929  1.207929  0.996542  1.257898  1.181527  0.927782  1.364990  1.364990  1.282634  1.341227  1.297185  1.327922  1.389585  1.499220  1.364874  1.359274  1.498146  1.462161  1.458766  1.455151  1.494692  1.335142  1.431639  1.340710  1.152502  0.706295  1.240071  1.505180  1.116894  1.727328  1.746521  1.848503  1.679493  1.237371  1.995958
Thecc1EG041183t1  0.967283  0.989347  0.982225  0.986056  0.991850  0.943022  0.966526  0.724350  0.849405  0.741754  0.708987  0.707249  0.934315  0.706210  0.789905  0.804359  0.812655  0.000000  0.246547  0.245358  0.220810  0.246725  0.287347  0.326243  0.219867  0.993406  1.097762  1.135329  0.945998  1.065479  1.062043  0.986512  0.920469  0.938466  0.999939  1.480351  1.505522  1.506338  1.406984  1.570180  1.321277  1.266276  1.258903  1.212360  1.154752  1.091670  1.485444  1.261321  1.262737  1.201087  1.257397  1.227737  1.175797  1.155918  1.316809  1.258627  1.213331  1.201372  1.201372  0.952066  1.269141  1.296223  0.940591  1.559990  1.559990  1.246126  1.342996  1.416351  1.167303  1.270654  1.390432  1.367087  1.288491  1.483445  1.414354  1.417690  1.416742  1.561006  1.190692  1.397894  1.744399  1.317539  1.095700  1.594727  1.472266  1.087277  1.715969  1.638080  1.785384  1.613626  1.198326  2.031518
Cc00_g26810  0.980753  1.014092  0.981066  0.906639  0.911204  0.881147  0.872666  0.718930  0.871773  0.760235  0.718568  0.730166  0.996634  0.687769  0.798385  0.817809  0.771896  0.246547  0.000000  0.159806  0.129334  0.137177  0.244282  0.324590  0.094069  0.969029  1.060485  1.076413  0.935253  0.971544  1.029486  0.989765  0.882884  0.932648  0.982190  1.481037  1.525048  1.500723  1.385450  1.557095  1.289865  1.228281  1.254768  1.215607  1.187418  1.055956  1.521867  1.075083  1.249191  1.216626  1.226427  1.256171  1.210575  1.109094  1.319566  1.196033  1.198570  1.104651  1.104651  0.924422  1.233702  1.264767  0.859195  1.481103  1.481103  1.229408  1.346963  1.465745  1.135075  1.240443  1.356148  1.314134  1.313359  1.547104  1.442888  1.442223  1.393124  1.527491  1.281891  1.476346  1.586789  1.425916  1.077694  1.534964  1.664316  1.043891  1.782073  1.743260  1.862824  1.541854  1.133534  2.152783
cra_locus_1596_iso_5_len_1529_ver_3  0.983564  0.992474  0.984617  0.995626  0.976168  0.958405  0.956349  0.683398  0.818120  0.712964  0.713815  0.711235  1.042660  0.687617  0.808009  0.778217  0.771884  0.245358  0.159806  0.000000  0.082493  0.111243  0.258112  0.324743  0.158782  0.977823  1.115343  1.147183  0.949969  1.006604  1.027268  0.991634  0.884653  0.907717  0.979985  1.458245  1.507952  1.474128  1.340778  1.586182  1.265960  1.226881  1.217465  1.194320  1.121246  1.067846  1.512532  1.170247  1.201148  1.198509  1.168716  1.275091  1.203256  1.117706  1.319176  1.165726  1.205013  1.085064  1.085064  0.928521  1.143776  1.212099  0.805173  1.398713  1.398713  1.187404  1.287732  1.371945  1.170685  1.228012  1.354796  1.319585  1.262463  1.473662  1.363613  1.439842  1.421742  1.525566  1.263989  1.404216  1.730686  1.274414  1.094228  1.544124  1.670310  1.082604  1.737125  1.668066  1.797286  1.494553  1.174259  2.182831
rsa_locus_30240_iso_3_len_1470_ver_2  0.970586  0.989592  0.949152  0.953638  0.950838  0.927054  0.907744  0.680864  0.820297  0.710162  0.686926  0.678461  0.994735  0.679866  0.794809  0.799244  0.752328  0.220810  0.129334  0.082493  0.000000  0.078453  0.248520  0.310385  0.184210  0.954587  1.058796  1.086836  0.911212  0.939989  0.995030  0.970004  0.877735  0.896149  0.934759  1.477510  1.481428  1.456690  1.331415  1.568825  1.280976  1.218451  1.226268  1.170696  1.148515  1.044565  1.507977  1.138374  1.206514  1.190778  1.176424  1.277605  1.205575  1.124357  1.329028  1.180395  1.184405  1.070077  1.070077  0.932416  1.196656  1.229645  0.811928  1.444314  1.444314  1.164381  1.267189  1.368394  1.122901  1.220878  1.338840  1.311875  1.245979  1.449547  1.392751  1.436962  1.405187  1.539323  1.273595  1.415711  1.761045  1.262472  1.028646  1.454381  1.621857  1.044159  1.741063  1.706132  1.838182  1.537790  1.187566  2.158460
rha|maker-superscaffold4-snap-gene-59.33-mRNA-1  0.981114  1.024038  0.980081  0.974779  0.944230  0.927848  0.914398  0.700236  0.842284  0.694009  0.681380  0.693341  0.969118  0.677378  0.802785  0.820418  0.750725  0.246725  0.137177  0.111243  0.078453  0.000000  0.269393  0.325862  0.173963  0.954380  1.074002  1.111779  0.966673  0.968733  1.024578  0.962417  0.862123  0.924223  0.963378  1.492424  1.461019  1.439109  1.335553  1.572113  1.295435  1.248735  1.239754  1.211237  1.158502  1.066106  1.533482  1.168557  1.247959  1.198498  1.209921  1.298186  1.238288  1.142293  1.349761  1.196183  1.191141  1.104710  1.104710  0.974148  1.215072  1.231069  0.835513  1.435155  1.435155  1.167950  1.270750  1.412293  1.154785  1.244959  1.387905  1.304774  1.287025  1.516645  1.376183  1.433651  1.383152  1.569172  1.275879  1.408421  1.725487  1.309298  1.074283  1.514837  1.634203  1.020925  1.775306  1.713632  1.873458  1.513161  1.174577  2.203104
tom|Solyc11g071800.1.1  1.104090  1.094439  1.086238  0.975523  0.983327  0.970236  0.932781  0.840525  0.980261  0.826008  0.824454  0.826522  1.109828  0.807220  0.843169  0.908061  0.876432  0.287347  0.244282  0.258112  0.248520  0.269393  0.000000  0.270099  0.093193  1.056111  1.142709  1.177089  1.028814  1.101383  1.092708  1.005007  0.994174  0.930643  0.988577  1.536319  1.531671  1.511441  1.419041  1.613871  1.355590  1.274756  1.262857  1.265274  1.231428  1.113665  1.573293  1.150284  1.285373  1.261557  1.272235  1.358047  1.264014  1.237946  1.414414  1.284565  1.286423  1.167061  1.167061  0.895439  1.332221  1.290039  0.907265  1.569681  1.569681  1.264599  1.370993  1.457101  1.221634  1.277767  1.411442  1.414956  1.290612  1.493279  1.494274  1.500704  1.489683  1.621638  1.316365  1.534051  1.674403  1.464107  1.270681  1.753265  1.684682  1.082057  1.747502  1.675000  1.746589  1.613495  1.289420  2.275237
tom|Solyc06g073910.2.1  1.022238  1.004306  0.991994  1.024253  1.007047  0.956174  0.944448  0.768403  0.953307  0.859706  0.870043  0.873547  1.133331  0.836531  0.880850  0.867111  0.852625  0.326243  0.324590  0.324743  0.310385  0.325862  0.270099  0.000000  0.348249  0.931618  1.041436  1.010038  0.986123  1.024442  1.016234  0.981593  0.934831  0.747755  0.804551  1.403207  1.450166  1.626520  1.442539  1.670534  1.397482  1.322413  1.291832  1.312104  1.247293  1.233929  1.657476  1.118116  1.371239  1.323938  1.312422  1.366939  1.267790  1.166971  1.443244  1.307745  1.263177  1.301906  1.301906  0.831779  1.350939  1.322353  0.965095  1.642417  1.642417  1.261461  1.342539  1.470029  1.336137  1.388993  1.464987  1.382297  1.352763  1.653364  1.594319  1.490425  1.508816  1.646064  1.346183  1.665327  1.395584  2.419105  2.436316  3.989084  2.627129  0.978550  1.686076  1.627108  1.704039  1.612948  1.246502  2.282198
cra_locus_50118_iso_1_len_442_ver_3  0.841959  0.873217  1.016985  0.778079  0.733657  0.708536  0.709497  0.648536  0.956659  0.696984  0.712494  0.673773  0.000000  0.596530  0.748077  0.660909  0.611697  0.219867  0.094069  0.158782  0.184210  0.173963  0.093193  0.348249  0.000000  0.896266  0.969070  1.154871  0.938968  1.051185  0.946570  0.799608  0.937698  1.039054  1.097862  1.392070  1.380490  1.551951  1.199869  2.332053  1.365754  1.171942  1.107896  0.996225  1.071484  0.853836  1.332143  1.030725  1.107714  1.127329  0.853120  0.948103  0.974669  1.061492  1.022192  0.996930  0.999289  0.876989  0.876989  0.744426  0.609367  0.858504  0.736333  0.943893  0.943893  0.927901  1.394696  0.000000  1.144427  0.981602  1.124283  1.382790  0.992204  2.859758  1.395086  1.468160  1.362546  1.570383  1.190777  1.539983  1.297590  1.313695  0.881867  1.314658  1.231328  1.035425  2.416398  2.192408  2.832281  1.630312  1.340681  0.000000
Cc02_g28370  1.021692  0.998884  0.969996  1.200804  1.073588  1.069917  1.057305  0.852792  0.924265  0.924436  0.853322  0.892867  0.994375  0.843535  0.877495  0.915173  1.006405  0.993406  0.969029  0.977823  0.954587  0.954380  1.056111  0.931618  0.896266  0.000000  0.248412  0.302187  0.450844  0.531916  0.500456  0.542902  0.447912  0.494627  0.546999  1.422250  1.480409  1.466506  1.330849  1.633913  1.433351  1.246417  1.197990  1.229325  1.124041  1.088906  1.510863  1.159978  1.022827  1.145562  1.194547  1.168500  1.178043  1.076590  1.188350  1.186819  1.222192  1.095291  1.095291  1.015211  1.189905  1.203773  0.827606  1.389778  1.389778  1.341168  1.443116  1.359547  1.246838  1.359653  1.446776  1.446103  1.371636  1.556207  1.397606  1.414193  1.453558  1.473127  1.243235  1.420599  1.372617  1.097901  1.023257  1.211453  1.851771  0.904501  1.734868  1.666295  1.874902  1.663664  1.335031  1.924149
Cc00_g02190  1.094172  1.119056  1.042079  1.193721  1.189735  1.241529  1.141753  0.944940  1.053605  1.046139  0.948181  0.958796  1.160878  0.962202  0.967188  0.999383  1.112713  1.097762  1.060485  1.115343  1.058796  1.074002  1.142709  1.041436  0.969070  0.248412  0.000000  0.146731  0.500976  0.628269  0.595209  0.600512  0.538186  0.497021  0.552395  1.449538  1.454041  1.579663  1.429695  1.731704  1.466701  1.295316  1.208728  1.294155  1.205320  1.114542  1.653815  1.277992  1.140965  1.267743  1.322987  1.263429  1.289845  1.204181  1.302828  1.301120  1.321006  1.231423  1.231423  1.085328  1.242776  1.244946  0.905776  1.471709  1.471709  1.331530  1.502915  1.495800  1.297987  1.237115  1.388626  1.466534  1.425804  1.677723  1.448986  1.488085  1.497006  1.526156  1.237569  1.528410  1.566338  1.341461  1.378334  1.443438  1.784431  0.835274  1.828259  1.798375  2.068677  1.788952  1.521817  1.465569
Cc02_g28390  1.211593  1.193044  1.132465  1.279204  1.245746  1.281561  1.166140  0.947180  1.045807  1.047609  0.942768  0.954832  1.097392  0.972701  0.988644  1.043511  1.132590  1.135329  1.076413  1.147183  1.086836  1.111779  1.177089  1.010038  1.154871  0.302187  0.146731  0.000000  0.524173  0.642880  0.624005  0.645629  0.567928  0.598040  0.649691  1.429447  1.519076  1.494236  1.448216  1.694332  1.396810  1.304656  1.266081  1.329471  1.187740  1.167381  1.668140  1.313194  1.235057  1.316467  1.314865  1.302298  1.321362  1.179367  1.378270  1.346393  1.357665  1.252886  1.252886  1.269570  1.273717  1.299615  0.931317  1.470378  1.470378  1.352178  1.532827  1.363666  1.385903  1.405331  1.543916  1.552620  1.637284  1.669468  1.447186  1.385407  1.478993  1.483509  1.229733  1.466567  1.660144  1.450754  1.551217  1.585405  1.870505  0.887884  1.802290  1.811048  2.003311  1.823976  1.457255  1.649218
Cc04_g16960  0.953374  0.982072  0.954634  1.125535  1.064985  1.062896  1.090675  0.761409  0.796017  0.865292  0.754838  0.779216  0.828104  0.783474  0.844020  0.879064  0.913758  0.945998  0.935253  0.949969  0.911212  0.966673  1.028814  0.986123  0.938968  0.450844  0.500976  0.524173  0.000000  0.534278  0.509905  0.658444  0.570431  0.611911  0.640899  1.264759  1.300022  1.305269  1.206576  1.466598  1.319693  1.210809  1.169069  1.141158  1.122783  1.020975  1.490600  1.147631  1.056916  1.133422  1.153625  1.098798  1.103513  1.066219  1.219879  1.074459  1.069982  1.086285  1.086285  1.054743  1.064819  1.075358  0.895644  1.206201  1.206201  1.240445  1.321630  1.179921  1.153821  1.332238  1.403076  1.384606  1.326206  1.303499  1.288888  1.265956  1.289060  1.271805  1.115517  1.493091  1.331189  1.019210  1.178466  1.300641  1.809634  0.858882  1.641478  1.655671  1.783852  1.659216  1.369387  1.584315
Cc06_g18940  0.970352  0.979371  0.943922  1.126253  1.117829  1.073400  1.103719  0.858360  0.912813  0.867368  0.828844  0.816113  0.883968  0.828673  0.932219  0.943726  0.988427  1.065479  0.971544  1.006604  0.939989  0.968733  1.101383  1.024442  1.051185  0.531916  0.628269  0.642880  0.534278  0.000000  0.423897  0.520117  0.491491  0.569528  0.612341  1.442276  1.529552  1.520022  1.337156  1.630476  1.361586  1.309106  1.312254  1.325537  1.176651  1.145895  1.636543  1.133657  1.219641  1.284527  1.300730  1.279497  1.264085  1.150258  1.301792  1.345749  1.361326  1.202863  1.202863  1.037502  1.175147  1.146854  0.825987  1.361102  1.361102  1.321106  1.398828  1.382266  1.202308  1.232222  1.412355  1.352915  1.400608  1.634444  1.394212  1.451680  1.471089  1.470532  1.242696  1.628779  1.413178  0.937442  1.138415  1.654358  1.863089  0.840501  1.630610  1.712551  1.772962  1.775373  1.233799  1.881132
Cc06_g18950  1.014127  1.003843  0.964995  1.192138  1.147685  1.127941  1.097010  0.896857  1.001708  0.880463  0.806213  0.829474  1.135409  0.851046  0.909770  0.877321  1.014423  1.062043  1.029486  1.027268  0.995030  1.024578  1.092708  1.016234  0.946570  0.500456  0.595209  0.624005  0.509905  0.423897  0.000000  0.554254  0.537125  0.503276  0.517074  1.410583  1.600117  1.476078  1.303799  1.636573  1.392776  1.281181  1.281209  1.237545  1.145612  1.166706  1.516347  1.067681  1.075956  1.160841  1.169978  1.222717  1.182444  1.061937  1.247975  1.135375  1.257292  1.087641  1.087641  1.003276  1.211384  1.165875  0.807250  1.395802  1.395802  1.326441  1.425482  1.340719  1.173530  1.248993  1.366203  1.408130  1.392990  1.536866  1.352179  1.340380  1.431806  1.473670  1.308081  1.508331  1.424687  0.740638  0.862805  1.107142  1.781761  0.912538  1.670416  1.677730  1.721825  1.829732  1.258675  1.806436
Cc02_g28400  0.937220  0.864144  0.922705  1.082469  1.113281  1.028440  1.014967  0.905783  0.992846  0.985611  0.927479  0.898228  1.346213  0.968068  0.991023  1.011497  1.105707  0.986512  0.989765  0.991634  0.970004  0.962417  1.005007  0.981593  0.799608  0.542902  0.600512  0.645629  0.658444  0.520117  0.554254  0.000000  0.453438  0.368724  0.414912  1.347862  1.414962  1.307409  1.212646  1.447645  1.377982  1.273199  1.318839  1.235631  1.115506  1.010133  1.572611  1.216036  1.123635  1.123317  1.175021  1.138813  1.128146  1.135943  1.280155  1.200500  1.156725  1.194118  1.194118  1.224213  1.149319  1.137235  0.970234  1.412746  1.412746  1.188318  1.280800  1.211260  1.330562  1.240134  1.404170  1.444829  1.361837  1.478978  1.353371  1.371269  1.307042  1.424410  1.270491  1.537943  1.513961  0.602683  1.232500  1.546039  1.747876  0.968951  1.581303  1.533063  1.831151  1.641886  1.357411  1.773482
Cc02_g28420  0.892452  0.840453  0.874546  1.089800  1.052530  1.045792  1.023933  0.820000  0.880219  0.896146  0.867891  0.915637  1.114742  0.909710  0.897597  0.906457  0.929707  0.920469  0.882884  0.884653  0.877735  0.862123  0.994174  0.934831  0.937698  0.447912  0.538186  0.567928  0.570431  0.491491  0.537125  0.453438  0.000000  0.202143  0.227627  1.357716  1.429977  1.464992  1.266062  1.576321  1.362111  1.357594  1.281926  1.282208  1.109979  1.141881  1.471874  1.099258  1.171128  1.189259  1.302338  1.157168  1.183502  1.061093  1.190824  1.270958  1.259691  1.242966  1.242966  1.117410  1.192762  1.234659  1.073263  1.552415  1.552415  1.233084  1.299450  1.328950  1.196972  1.449003  1.498446  1.435705  1.383378  1.619719  1.355489  1.221240  1.307434  1.366183  1.124155  1.631115  1.511152  1.148216  1.379946  1.670806  2.215120  1.160325  1.524279  1.593397  1.652403  1.536721  1.230426  1.586421
Cc00_g15900  0.995766  1.030919  0.824993  1.132566  1.133693  1.140162  1.064017  0.933777  1.236329  0.930588  0.866681  0.885719  0.000000  0.910697  0.833280  0.971594  0.903696  0.938466  0.932648  0.907717  0.896149  0.924223  0.930643  0.747755  1.039054  0.494627  0.497021  0.598040  0.611911  0.569528  0.503276  0.368724  0.202143  0.000000  0.042741  1.251410  1.371615  1.247585  1.003520  1.793460  1.344578  1.235913  1.234838  1.286441  1.110316  0.873098  1.208286  1.184810  1.013540  0.991314  1.147845  1.165187  1.112252  1.237113  1.105633  1.115342  1.259375  0.996941  0.996941  1.068538  0.740674  0.848487  0.809291  1.120313  1.120313  0.876879  1.270920  0.000000  1.130885  0.965106  1.098948  1.181579  1.066848  1.447337  1.211907  1.323950  1.391583  1.411917  1.072068  1.672980  1.606819  1.002033  1.181771  1.352691  1.685624  1.029174  1.668388  1.726046  1.994648  1.564432  1.229320  0.000000
Cc00_g15920  1.020647  1.056400  0.853426  1.153896  1.164850  1.192237  1.100928  0.949740  1.253695  0.961968  0.905205  0.923528  0.000000  0.941734  0.889070  0.986432  0.890813  0.999939  0.982190  0.979985  0.934759  0.963378  0.988577  0.804551  1.097862  0.546999  0.552395  0.649691  0.640899  0.612341  0.517074  0.414912  0.227627  0.042741  0.000000  1.310069  1.409229  1.342589  1.054563  1.848176  1.381852  1.285892  1.296196  1.286145  1.148312  0.924690  1.236315  1.233157  1.059920  1.045957  1.206292  1.236621  1.156502  1.309859  1.135173  1.172381  1.305570  1.066579  1.066579  1.107258  0.773061  0.903609  0.870147  1.213245  1.213245  0.888138  1.319104  0.000000  1.173951  0.972139  1.089073  1.182862  1.085618  1.447337  1.266761  1.384517  1.456525  1.473963  1.065057  1.697756  1.677953  1.019422  1.221771  1.380346  1.588906  1.152740  1.719543  1.811824  2.078946  1.626472  1.252803  0.000000
Thecc1EG014453t1  1.221397  1.239065  1.269994  1.779628  1.627719  1.675329  1.666570  1.228075  1.254118  1.292375  1.265384  1.231877  2.129941  1.269753  1.368620  1.373530  1.351195  1.480351  1.481037  1.458245  1.477510  1.492424  1.536319  1.403207  1.392070  1.422250  1.449538  1.429447  1.264759  1.442276  1.410583  1.347862  1.357716  1.251410  1.310069  0.000000  0.609547  1.011355  1.038017  1.242682  1.131463  1.072996  1.051275  1.112172  1.006374  0.963447  1.381668  1.034904  1.115425  1.017038  0.980563  1.098230  1.090534  1.209306  1.045265  1.040951  1.099614  1.011025  1.011025  1.086475  1.079482  1.107701  1.004101  1.165226  1.165226  1.119899  1.091373  1.076567  1.064634  1.263431  1.218849  1.151742  1.135995  1.255639  1.235293  1.250613  1.202132  1.301192  1.088287  1.229372  1.211924  2.061049  1.515999  1.304838  2.053219  1.627624  2.229143  2.142862  2.346527  2.064575  1.693380  1.974521
Thecc1EG014454t1  1.320702  1.440431  1.491336  1.678226  1.633951  1.621080  1.663886  1.368300  1.451282  1.462612  1.392516  1.343818  2.378746  1.373898  1.484911  1.424639  1.427871  1.505522  1.525048  1.507952  1.481428  1.461019  1.531671  1.450166  1.380490  1.480409  1.454041  1.519076  1.300022  1.529552  1.600117  1.414962  1.429977  1.371615  1.409229  0.609547  0.000000  1.055434  1.072777  1.244677  1.093790  1.089804  1.074735  1.109140  1.012098  0.921379  1.408135  1.063270  1.177516  1.088698  1.117711  1.158665  1.178284  1.213110  1.066667  1.154481  1.147305  1.051898  1.051898  1.040073  1.041916  1.160964  0.931588  1.242629  1.242629  1.151934  1.118338  1.139848  1.045246  1.098139  1.098439  1.150901  1.153382  1.169527  1.362355  1.332451  1.352785  1.414326  1.142844  1.364483  1.104556  2.206354  1.593137  1.294600  1.986096  1.453953  2.335801  2.172979  2.539402  2.075495  1.702279  2.313531
Cc01_g03400  1.392219  1.436089  1.466767  1.581857  1.587354  1.484947  1.649098  1.348917  1.338520  1.359585  1.312639  1.377303  1.949214  1.351343  1.426012  1.397658  1.533173  1.506338  1.500723  1.474128  1.456690  1.439109  1.511441  1.626520  1.551951  1.466506  1.579663  1.494236  1.305269  1.520022  1.476078  1.307409  1.464992  1.247585  1.342589  1.011355  1.055434  0.000000  0.118268  0.017103  1.036685  1.109451  1.082819  1.093682  1.016156  1.040941  1.354031  0.944669  0.901211  0.818173  0.748807  0.839816  0.855320  0.833526  0.702205  0.841755  0.904062  0.900315  0.900315  1.306572  1.208299  1.198944  1.259352  1.410892  1.410892  1.325641  1.351707  1.217205  1.586136  1.460190  1.357781  1.346639  1.298497  1.326522  1.436217  1.314007  1.384075  1.460429  1.257633  1.259541  1.730491  2.225569  2.101874  2.101874  2.116241  1.924149  1.813223  2.048223  2.116935  1.984056  1.724432  1.477654
Cc04_g09850  1.247981  1.309738  1.323846  1.462621  1.450945  1.409733  1.507198  1.224175  1.364820  1.265330  1.262455  1.297776  1.978880  1.261366  1.286400  1.282984  1.339399  1.406984  1.385450  1.340778  1.331415  1.335553  1.419041  1.442539  1.199869  1.330849  1.429695  1.448216  1.206576  1.337156  1.303799  1.212646  1.266062  1.003520  1.054563  1.038017  1.072777  0.118268  0.000000  0.225194  1.056489  1.073674  1.038404  1.058408  0.936993  1.032830  1.258070  0.980953  0.799669  0.790908  0.753728  0.841086  0.853468  0.913900  0.744566  0.823035  0.899289  0.827274  0.827274  1.093298  1.119348  1.121352  1.180682  1.327730  1.327730  1.310517  1.302486  1.258769  1.386541  1.435106  1.358592  1.411526  1.230173  1.290429  1.413891  1.353279  1.378788  1.481075  1.212590  1.322332  1.202440  1.660447  1.441134  1.924149  2.307306  1.065517  1.900904  2.073697  2.236558  1.995932  1.752173  1.477654
Cc00_g21990  1.525356  1.558093  1.469187  1.688190  1.784403  1.646300  1.820024  1.450174  1.464289  1.494247  1.449365  1.494019  1.924149  1.459766  1.586134  1.507371  1.633146  1.570180  1.557095  1.586182  1.568825  1.572113  1.613871  1.670534  2.332053  1.633913  1.731704  1.694332  1.466598  1.630476  1.636573  1.447645  1.576321  1.793460  1.848176  1.242682  1.244677  0.017103  0.225194  0.000000  1.279623  1.336258  1.289255  1.314533  1.242866  1.262130  1.421927  1.233413  1.065240  1.003675  0.929994  0.978083  0.988547  1.057823  0.885701  1.033811  1.073119  1.100920  1.100920  1.715869  1.333804  1.414332  1.660333  1.698182  1.698182  1.530241  1.558588  1.247568  1.899041  1.572530  1.497215  1.562538  1.454698  1.330894  1.652498  1.533521  1.555693  1.622386  1.344926  1.556992  3.466312  4.919535  2.396829  2.079118  2.576379  2.031216  2.134501  2.299240  2.403911  2.135583  1.959412  1.444906
Cc04_g12220  1.193004  1.300271  1.376859  1.467399  1.538069  1.500960  1.469308  1.272587  1.315541  1.330469  1.305461  1.319117  1.623071  1.300768  1.366158  1.344594  1.366390  1.321277  1.289865  1.265960  1.280976  1.295435  1.355590  1.397482  1.365754  1.433351  1.466701  1.396810  1.319693  1.361586  1.392776  1.377982  1.362111  1.344578  1.381852  1.131463  1.093790  1.036685  1.056489  1.279623  0.000000  0.549051  0.354145  0.471654  0.477645  0.606091  0.821787  0.896356  1.027143  1.003574  1.003903  1.045145  1.068608  1.076332  1.070167  1.032083  1.063732  1.074816  1.074816  1.087038  1.051495  1.177502  1.153835  1.351580  1.351580  0.964635  1.020696  0.935849  1.055791  1.245950  1.315089  1.291408  1.222874  1.226916  1.218532  1.211774  1.288442  1.324245  1.135394  1.462829  1.817792  2.332055  1.853863  1.715062  1.841318  1.358247  1.853917  1.903301  2.145920  1.666553  1.570574  1.634763
Cc00_g26550  1.175495  1.243834  1.316606  1.540699  1.581512  1.575600  1.521671  1.212156  1.187094  1.288128  1.269355  1.283499  1.907766  1.211401  1.311683  1.221290  1.311381  1.266276  1.228281  1.226881  1.218451  1.248735  1.274756  1.322413  1.171942  1.246417  1.295316  1.304656  1.210809  1.309106  1.281181  1.273199  1.357594  1.235913  1.285892  1.072996  1.089804  1.109451  1.073674  1.336258  0.549051  0.000000  0.417287  0.444553  0.533596  0.576254  0.831849  0.779811  0.964412  0.947076  0.956346  0.944653  0.953087  0.990419  1.054204  1.002696  1.044235  0.971352  0.971352  0.897469  0.961398  0.973193  0.878987  1.082769  1.082769  1.145895  1.119521  0.995295  1.069372  1.096440  1.209605  1.206390  1.195857  1.284997  1.165200  1.263472  1.240818  1.270208  1.096707  1.356440  1.481076  1.796157  1.267135  1.199428  1.647238  1.441213  2.025986  1.924617  2.212467  1.792823  1.455747  1.888112
